# Expert utilization ratios (comma-separated)
0.499878
0.575684
0.631836
0.008179
0.362305
0.454712
0.870605
0.367798
0.458008
0.091187
0.002686
0.276245
0.499634
0.544067
0.577881
0.013550
0.360474
0.402466
0.932007
0.379517
0.413208
0.048950
0.000610
0.268311
0.499634
0.422852
0.541870
0.064209
0.387329
0.545776
0.936035
0.374634
0.468140
0.162476
0.005127
0.452026
0.499512
0.408203
0.542236
0.094971
0.387695
0.497559
1.020386
0.384644
0.440186
0.112427
0.001831
0.517212
0.498535
0.358765
0.526978
0.201782
0.435913
0.590820
0.960327
0.389404
0.492432
0.267578
0.013550
0.570312
0.498657
0.354736
0.536987
0.253662
0.446167
0.538696
1.032227
0.391846
0.487671
0.241943
0.008301
0.630249
0.496338
0.337646
0.491211
0.281982
0.514038
0.620117
0.966309
0.411011
0.481689
0.367432
0.049194
0.634033
0.496460
0.333984
0.475464
0.312134
0.558960
0.578125
1.043335
0.409058
0.506714
0.367554
0.025513
0.685303
0.490723
0.326416
0.396240
0.315796
0.607178
0.638062
0.978638
0.445801
0.476318
0.471191
0.113525
0.672485
0.492676
0.327148
0.375610
0.338989
0.664185
0.610596
1.046997
0.434082
0.491089
0.446655
0.077637
0.728394
0.486084
0.321899
0.325195
0.331543
0.666138
0.662354
0.991455
0.479248
0.483765
0.568848
0.176270
0.692749
0.488159
0.323120
0.316284
0.354004
0.707886
0.644897
1.053467
0.464233
0.479004
0.532959
0.155151
0.741943
0.479614
0.319336
0.286621
0.346313
0.694702
0.683960
1.006226
0.518188
0.495117
0.660889
0.232300
0.700806
0.484497
0.319824
0.297974
0.365723
0.726929
0.676758
1.059814
0.494629
0.505249
0.627686
0.228027
0.749390
0.476929
0.316772
0.274902
0.356079
0.708862
0.707520
1.029053
0.566650
0.524536
0.738159
0.287109
0.702759
0.481567
0.317871
0.291626
0.377441
0.737305
0.710327
1.061890
0.524536
0.533447
0.713867
0.283203
0.750732
0.475098
0.316406
0.270630
0.365723
0.719971
0.727905
1.041260
0.618896
0.557129
0.799561
0.340820
0.706177
0.478760
0.316650
0.287354
0.386719
0.744629
0.736206
1.064453
0.577881
0.557861
0.783447
0.328979
0.745972
0.475220
0.317017
0.268188
0.373413
0.726807
0.743408
1.047852
0.670532
0.583496
0.854980
0.388062
0.708252
0.477783
0.316162
0.287109
0.391724
0.750610
0.765137
1.072754
0.634277
0.582886
0.842407
0.379395
0.740845
0.475586
0.317139
0.266479
0.380371
0.729614
0.761475
1.060425
0.727417
0.609131
0.901123
0.442261
0.710693
0.477661
0.314819
0.288330
0.399536
0.753906
0.790405
1.091187
0.699219
0.606689
0.888184
0.432617
0.735718
0.476562
0.317261
0.265747
0.386841
0.732910
0.783691
1.070557
0.788818
0.628662
0.940796
0.497559
0.713013
0.478149
0.314087
0.288452
0.405151
0.756714
0.810913
1.099731
0.765381
0.629517
0.929565
0.485962
0.731323
0.478027
0.317505
0.267334
0.395264
0.735596
0.808105
1.083252
0.844238
0.647583
0.984253
0.549072
0.715332
0.478516
0.313721
0.286621
0.410767
0.757446
0.834229
1.117676
0.828369
0.652100
0.965576
0.536255
0.729370
0.479614
0.317261
0.268677
0.401855
0.737793
0.832520
1.101807
0.897705
0.668457
1.032593
0.600952
0.717773
0.480347
0.314697
0.286377
0.417480
0.756104
0.855713
1.132568
0.892334
0.674561
1.000366
0.600342
0.729980
0.481567
0.317383
0.268921
0.407349
0.742676
0.862305
1.121582
0.946777
0.683838
1.073853
0.650391
0.721924
0.481689
0.314941
0.286865
0.422241
0.758057
0.877563
1.153198
0.953857
0.697388
1.040039
0.654785
0.734131
0.483521
0.318237
0.270630
0.414795
0.744141
0.890747
1.143799
0.996460
0.698242
1.122070
0.696167
0.726440
0.483765
0.315063
0.289307
0.427124
0.759766
0.902100
1.176147
1.008057
0.716187
1.085938
0.708862
0.738159
0.485840
0.318726
0.271362
0.419189
0.747559
0.922485
1.175537
1.040649
0.711426
1.160889
0.745972
0.729614
0.486084
0.315308
0.289551
0.431274
0.762329
0.926514
1.201294
1.050659
0.728027
1.133179
0.758301
0.741211
0.488281
0.319336
0.272217
0.422729
0.750610
0.946411
1.208374
1.077393
0.728516
1.203857
0.794312
0.730347
0.487915
0.315430
0.289795
0.435791
0.764404
0.955444
1.231689
1.085571
0.742065
1.179321
0.816040
0.743408
0.489990
0.320923
0.274292
0.427856
0.754028
0.980225
1.244995
1.108521
0.745117
1.248535
0.845337
0.731689
0.489502
0.315552
0.289673
0.438843
0.766357
0.986084
1.268799
1.114380
0.759521
1.223389
0.865967
0.742065
0.491333
0.321777
0.276489
0.431641
0.753418
1.011475
1.278198
1.140991
0.762085
1.290161
0.892090
0.734863
0.491089
0.316406
0.290405
0.440308
0.769653
1.017822
1.296753
1.151489
0.774048
1.268188
0.906250
0.742920
0.492065
0.321777
0.280640
0.436768
0.754395
1.034668
1.307739
1.177979
0.780029
1.328857
0.933838
0.737061
0.491943
0.316772
0.291138
0.443848
0.772461
1.055542
1.327515
1.186523
0.788330
1.309937
0.945557
0.744873
0.492676
0.321899
0.282349
0.438354
0.759766
1.058350
1.330688
1.214478
0.803711
1.366577
0.967285
0.741089
0.492432
0.316650
0.293335
0.446533
0.773193
1.083862
1.353516
1.219849
0.806885
1.351318
0.985474
0.747925
0.493896
0.322510
0.284302
0.440796
0.762939
1.075317
1.344727
1.253418
0.820068
1.406128
1.002808
0.748535
0.493408
0.316895
0.294922
0.447632
0.775269
1.112671
1.377930
1.259277
0.825928
1.386963
1.014282
0.750366
0.494751
0.322998
0.286743
0.443359
0.766968
1.093384
1.356079
1.292847
0.842163
1.442505
1.037964
0.756592
0.494995
0.316895
0.296509
0.449097
0.778198
1.136597
1.395020
1.293823
0.848022
1.427734
1.044312
0.755371
0.495117
0.323608
0.288086
0.444702
0.776123
1.111694
1.363403
1.328125
0.862793
1.477783
1.070679
0.764648
0.495239
0.317505
0.298096
0.450073
0.782715
1.152954
1.405640
1.328003
0.864624
1.461792
1.076050
0.764282
0.495850
0.324341
0.290405
0.447021
0.786743
1.128174
1.367310
1.359375
0.887329
1.509521
1.101562
0.776123
0.495850
0.317383
0.300781
0.451294
0.792358
1.173706
1.409790
1.359375
0.886230
1.495605
1.108154
0.775513
0.496826
0.324585
0.292725
0.448730
0.803101
1.142456
1.370605
1.389771
0.913696
1.542847
1.132080
0.785889
0.496704
0.318115
0.303101
0.452271
0.804077
1.192871
1.414795
1.389771
0.907837
1.527100
1.138306
0.785767
0.496948
0.325195
0.295410
0.449097
0.820923
1.156982
1.376587
1.414917
0.935059
1.574707
1.159912
0.794067
0.496826
0.318481
0.304321
0.453857
0.822021
1.209229
1.420654
1.415771
0.929810
1.557251
1.165649
0.796509
0.496948
0.325073
0.296021
0.450195
0.843628
1.168701
1.379639
1.440430
0.956421
1.603760
1.185791
0.802246
0.496948
0.318237
0.307007
0.455444
0.846680
1.225098
1.420044
1.439575
0.952759
1.589844
1.191284
0.804443
0.497192
0.325317
0.297974
0.451172
0.871460
1.184448
1.381104
1.465698
0.979370
1.632080
1.211792
0.810669
0.497437
0.319214
0.308716
0.455933
0.869873
1.237671
1.420898
1.467773
0.973877
1.619507
1.219727
0.813477
0.497803
0.325439
0.301025
0.453125
0.899414
1.200806
1.384399
1.490601
1.000366
1.656128
1.241455
0.818237
0.497925
0.319580
0.309692
0.457275
0.900635
1.254395
1.422729
1.495850
0.995117
1.646729
1.241089
0.822144
0.498047
0.324951
0.301392
0.455200
0.926025
1.214478
1.386719
1.516479
1.024170
1.680908
1.262817
0.829712
0.497925
0.319824
0.312012
0.458252
0.926880
1.269897
1.422241
1.521362
1.020264
1.674072
1.265259
0.832764
0.498291
0.325562
0.302734
0.456787
0.945801
1.234009
1.389526
1.543823
1.045410
1.703247
1.286255
0.839722
0.498413
0.319580
0.314819
0.458008
0.947876
1.287842
1.418579
1.552979
1.045654
1.696167
1.289062
0.841675
0.498657
0.325317
0.304688
0.457397
0.959595
1.248291
1.390259
1.575073
1.065552
1.722290
1.308960
0.850830
0.498413
0.319946
0.316895
0.459473
0.965698
1.304932
1.420532
1.581909
1.067871
1.717529
1.311035
0.853760
0.498657
0.324829
0.306885
0.458984
0.969727
1.264282
1.392212
1.607300
1.084473
1.740723
1.333374
0.862793
0.498535
0.320679
0.317139
0.460449
0.973511
1.319580
1.420166
1.613037
1.087646
1.739014
1.333862
0.864136
0.498657
0.325195
0.309082
0.461060
0.976562
1.278931
1.393799
1.638916
1.106201
1.756348
1.358398
0.874512
0.498535
0.321167
0.318237
0.462646
0.980713
1.333618
1.423096
1.645874
1.110474
1.758423
1.359497
0.874756
0.498535
0.326172
0.311279
0.464600
0.976196
1.297974
1.395752
1.670532
1.125000
1.773804
1.385742
0.885742
0.498413
0.321899
0.320312
0.464966
0.981689
1.349121
1.421997
1.674438
1.132202
1.774170
1.385986
0.888916
0.498413
0.326294
0.312256
0.466309
0.975098
1.313599
1.394897
1.696655
1.145630
1.787598
1.410645
0.902466
0.498413
0.322510
0.321777
0.466919
0.983154
1.363647
1.420288
1.702026
1.153687
1.790161
1.412354
0.904419
0.498413
0.326904
0.315308
0.469116
0.973267
1.328613
1.393799
1.709839
1.166016
1.797119
1.435303
0.921997
0.498291
0.323486
0.323730
0.469727
0.979614
1.378052
1.420776
1.717041
1.176392
1.802979
1.436523
0.923096
0.498169
0.327393
0.318237
0.471802
0.970093
1.343018
1.394897
1.713623
1.189331
1.808960
1.459595
0.942993
0.498169
0.324219
0.326294
0.471313
0.975708
1.387329
1.422241
1.723633
1.198364
1.814209
1.462769
0.943848
0.498169
0.329346
0.320801
0.473755
0.965332
1.359863
1.394043
1.710449
1.210815
1.822388
1.488525
0.969727
0.498047
0.326416
0.328125
0.473633
0.971191
1.399292
1.423462
1.719360
1.223022
1.829102
1.493164
0.973022
0.497803
0.330933
0.323608
0.475708
0.960449
1.370605
1.395142
1.702637
1.233521
1.839111
1.517334
0.997803
0.497925
0.329224
0.331055
0.475342
0.966431
1.410278
1.423218
1.712036
1.250244
1.843628
1.524170
1.004395
0.497681
0.333130
0.327271
0.478882
0.949829
1.387695
1.395020
1.687378
1.254028
1.856323
1.547485
1.026367
0.497803
0.331665
0.336060
0.478149
0.959595
1.424561
1.423462
1.701416
1.268555
1.864502
1.552490
1.032715
0.497559
0.335693
0.334351
0.480835
0.942749
1.399414
1.396729
1.677490
1.272339
1.880249
1.577759
1.058228
0.497559
0.334839
0.341797
0.480225
0.950439
1.434448
1.423096
1.688354
1.286377
1.890869
1.583496
1.065430
0.497559
0.338135
0.340942
0.482300
0.932983
1.411621
1.396606
1.677246
1.291504
1.907837
1.610596
1.088745
0.497559
0.337769
0.347656
0.482056
0.942017
1.445312
1.422119
1.687866
1.308228
1.919556
1.615112
1.099487
0.497437
0.340942
0.351929
0.484619
0.924561
1.425293
1.394653
1.679565
1.311401
1.936890
1.642578
1.118408
0.497437
0.341187
0.354614
0.483521
0.930908
1.459229
1.420898
1.690430
1.325562
1.950317
1.648804
1.125000
0.497192
0.344116
0.361328
0.485474
0.917114
1.437378
1.390137
1.683105
1.327759
1.971313
1.676392
1.137451
0.497192
0.344482
0.364868
0.485229
0.921753
1.467285
1.418091
1.693726
1.343994
1.982788
1.680664
1.143066
0.496704
0.347168
0.371460
0.486694
0.907593
1.446289
1.387939
1.689697
1.342896
2.001343
1.708862
1.148438
0.496704
0.347412
0.378052
0.486206
0.916382
1.478882
1.414307
1.700684
1.361450
2.010620
1.717651
1.154419
0.495972
0.348877
0.380371
0.488037
0.907471
1.458496
1.383667
1.689575
1.354248
2.026367
1.744629
1.151489
0.495972
0.349731
0.386719
0.487915
0.915405
1.488525
1.410889
1.704346
1.376953
2.039307
1.749634
1.154663
0.495728
0.351685
0.393188
0.488770
0.910767
1.464600
1.378052
1.693481
1.362061
2.041382
1.769531
1.139038
0.495605
0.351685
0.397095
0.489014
0.921143
1.493774
1.406250
1.706665
1.381104
2.053223
1.774902
1.140137
0.499878
0.575684
0.631836
0.008179
0.362305
0.454712
0.870605
0.367798
0.458008
0.091187
0.002686
0.276245
0.499634
0.544067
0.577881
0.013550
0.360474
0.402466
0.932007
0.379517
0.413208
0.048950
0.000610
0.268311
0.499634
0.422852
0.541870
0.064209
0.387329
0.545776
0.936035
0.374634
0.468140
0.162476
0.005127
0.452026
0.499512
0.408203
0.542236
0.094971
0.387695
0.497559
1.020386
0.384644
0.440186
0.112427
0.001831
0.517212
0.498535
0.358765
0.526978
0.201782
0.435913
0.590820
0.960327
0.389404
0.492432
0.267578
0.013550
0.570312
0.498657
0.354736
0.536987
0.253662
0.446167
0.538696
1.032227
0.391846
0.487671
0.241943
0.008301
0.630249
0.496338
0.337646
0.491211
0.281982
0.514038
0.620117
0.966309
0.411011
0.481689
0.367432
0.049194
0.634033
0.496460
0.333984
0.475464
0.312134
0.558960
0.578125
1.043335
0.409058
0.506714
0.367554
0.025513
0.685303
0.490723
0.326416
0.396240
0.315796
0.607178
0.638062
0.978638
0.445801
0.476318
0.471191
0.113525
0.672485
0.492676
0.327148
0.375610
0.338989
0.664185
0.610596
1.046997
0.434082
0.491089
0.446655
0.077637
0.728394
0.486084
0.321899
0.325195
0.331543
0.666138
0.662354
0.991455
0.479248
0.483765
0.568848
0.176270
0.692749
0.488159
0.323120
0.316284
0.354004
0.707886
0.644897
1.053467
0.464233
0.479004
0.532959
0.155151
0.741943
0.479614
0.319336
0.286621
0.346313
0.694702
0.683960
1.006226
0.518188
0.495117
0.660889
0.232300
0.700806
0.484497
0.319824
0.297974
0.365723
0.726929
0.676758
1.059814
0.494629
0.505249
0.627686
0.228027
0.749390
0.476929
0.316772
0.274902
0.356079
0.708862
0.707520
1.029053
0.566650
0.524536
0.738159
0.287109
0.702759
0.481567
0.317871
0.291626
0.377441
0.737305
0.710327
1.061890
0.524536
0.533447
0.713867
0.283203
0.750732
0.475098
0.316406
0.270630
0.365723
0.719971
0.727905
1.041260
0.618896
0.557129
0.799561
0.340820
0.706177
0.478760
0.316650
0.287354
0.386719
0.744629
0.736206
1.064453
0.577881
0.557861
0.783447
0.328979
0.745972
0.475220
0.317017
0.268188
0.373413
0.726807
0.743408
1.047852
0.670532
0.583496
0.854980
0.388062
0.708252
0.477783
0.316162
0.287109
0.391724
0.750610
0.765137
1.072754
0.634277
0.582886
0.842407
0.379395
0.740845
0.475586
0.317139
0.266479
0.380371
0.729614
0.761475
1.060425
0.727417
0.609131
0.901123
0.442261
0.710693
0.477661
0.314819
0.288330
0.399536
0.753906
0.790405
1.091187
0.699219
0.606689
0.888184
0.432617
0.735718
0.476562
0.317261
0.265747
0.386841
0.732910
0.783691
1.070557
0.788818
0.628662
0.940796
0.497559
0.713013
0.478149
0.314087
0.288452
0.405151
0.756714
0.810913
1.099731
0.765381
0.629517
0.929565
0.485962
0.731323
0.478027
0.317505
0.267334
0.395264
0.735596
0.808105
1.083252
0.844238
0.647583
0.984253
0.549072
0.715332
0.478516
0.313721
0.286621
0.410767
0.757446
0.834229
1.117676
0.828369
0.652100
0.965576
0.536255
0.729370
0.479614
0.317261
0.268677
0.401855
0.737793
0.832520
1.101807
0.897705
0.668457
1.032593
0.600952
0.717773
0.480347
0.314697
0.286377
0.417480
0.756104
0.855713
1.132568
0.892334
0.674561
1.000366
0.600342
0.729980
0.481567
0.317383
0.268921
0.407349
0.742676
0.862305
1.121582
0.946777
0.683838
1.073853
0.650391
0.721924
0.481689
0.314941
0.286865
0.422241
0.758057
0.877563
1.153198
0.953857
0.697388
1.040039
0.654785
0.734131
0.483521
0.318237
0.270630
0.414795
0.744141
0.890747
1.143799
0.996460
0.698242
1.122070
0.696167
0.726440
0.483765
0.315063
0.289307
0.427124
0.759766
0.902100
1.176147
1.008057
0.716187
1.085938
0.708862
0.738159
0.485840
0.318726
0.271362
0.419189
0.747559
0.922485
1.175537
1.040649
0.711426
1.160889
0.745972
0.729614
0.486084
0.315308
0.289551
0.431274
0.762329
0.926514
1.201294
1.050659
0.728027
1.133179
0.758301
0.741211
0.488281
0.319336
0.272217
0.422729
0.750610
0.946411
1.208374
1.077393
0.728516
1.203857
0.794312
0.730347
0.487915
0.315430
0.289795
0.435791
0.764404
0.955444
1.231689
1.085571
0.742065
1.179321
0.816040
0.743408
0.489990
0.320923
0.274292
0.427856
0.754028
0.980225
1.244995
1.108521
0.745117
1.248535
0.845337
0.731689
0.489502
0.315552
0.289673
0.438843
0.766357
0.986084
1.268799
1.114380
0.759521
1.223389
0.865967
0.742065
0.491333
0.321777
0.276489
0.431641
0.753418
1.011475
1.278198
1.140991
0.762085
1.290161
0.892090
0.734863
0.491089
0.316406
0.290405
0.440308
0.769653
1.017822
1.296753
1.151489
0.774048
1.268188
0.906250
0.742920
0.492065
0.321777
0.280640
0.436768
0.754395
1.034668
1.307739
1.177979
0.780029
1.328857
0.933838
0.737061
0.491943
0.316772
0.291138
0.443848
0.772461
1.055542
1.327515
1.186523
0.788330
1.309937
0.945557
0.744873
0.492676
0.321899
0.282349
0.438354
0.759766
1.058350
1.330688
1.214478
0.803711
1.366577
0.967285
0.741089
0.492432
0.316650
0.293335
0.446533
0.773193
1.083862
1.353516
1.219849
0.806885
1.351318
0.985474
0.747925
0.493896
0.322510
0.284302
0.440796
0.762939
1.075317
1.344727
1.253418
0.820068
1.406128
1.002808
0.748535
0.493408
0.316895
0.294922
0.447632
0.775269
1.112671
1.377930
1.259277
0.825928
1.386963
1.014282
0.750366
0.494751
0.322998
0.286743
0.443359
0.766968
1.093384
1.356079
1.292847
0.842163
1.442505
1.037964
0.756592
0.494995
0.316895
0.296509
0.449097
0.778198
1.136597
1.395020
1.293823
0.848022
1.427734
1.044312
0.755371
0.495117
0.323608
0.288086
0.444702
0.776123
1.111694
1.363403
1.328125
0.862793
1.477783
1.070679
0.764648
0.495239
0.317505
0.298096
0.450073
0.782715
1.152954
1.405640
1.328003
0.864624
1.461792
1.076050
0.764282
0.495850
0.324341
0.290405
0.447021
0.786743
1.128174
1.367310
1.359375
0.887329
1.509521
1.101562
0.776123
0.495850
0.317383
0.300781
0.451294
0.792358
1.173706
1.409790
1.359375
0.886230
1.495605
1.108154
0.775513
0.496826
0.324585
0.292725
0.448730
0.803101
1.142456
1.370605
1.389771
0.913696
1.542847
1.132080
0.785889
0.496704
0.318115
0.303101
0.452271
0.804077
1.192871
1.414795
1.389771
0.907837
1.527100
1.138306
0.785767
0.496948
0.325195
0.295410
0.449097
0.820923
1.156982
1.376587
1.414917
0.935059
1.574707
1.159912
0.794067
0.496826
0.318481
0.304321
0.453857
0.822021
1.209229
1.420654
1.415771
0.929810
1.557251
1.165649
0.796509
0.496948
0.325073
0.296021
0.450195
0.843628
1.168701
1.379639
1.440430
0.956421
1.603760
1.185791
0.802246
0.496948
0.318237
0.307007
0.455444
0.846680
1.225098
1.420044
1.439575
0.952759
1.589844
1.191284
0.804443
0.497192
0.325317
0.297974
0.451172
0.871460
1.184448
1.381104
1.465698
0.979370
1.632080
1.211792
0.810669
0.497437
0.319214
0.308716
0.455933
0.869873
1.237671
1.420898
1.467773
0.973877
1.619507
1.219727
0.813477
0.497803
0.325439
0.301025
0.453125
0.899414
1.200806
1.384399
1.490601
1.000366
1.656128
1.241455
0.818237
0.497925
0.319580
0.309692
0.457275
0.900635
1.254395
1.422729
1.495850
0.995117
1.646729
1.241089
0.822144
0.498047
0.324951
0.301392
0.455200
0.926025
1.214478
1.386719
1.516479
1.024170
1.680908
1.262817
0.829712
0.497925
0.319824
0.312012
0.458252
0.926880
1.269897
1.422241
1.521362
1.020264
1.674072
1.265259
0.832764
0.498291
0.325562
0.302734
0.456787
0.945801
1.234009
1.389526
1.543823
1.045410
1.703247
1.286255
0.839722
0.498413
0.319580
0.314819
0.458008
0.947876
1.287842
1.418579
1.552979
1.045654
1.696167
1.289062
0.841675
0.498657
0.325317
0.304688
0.457397
0.959595
1.248291
1.390259
1.575073
1.065552
1.722290
1.308960
0.850830
0.498413
0.319946
0.316895
0.459473
0.965698
1.304932
1.420532
1.581909
1.067871
1.717529
1.311035
0.853760
0.498657
0.324829
0.306885
0.458984
0.969727
1.264282
1.392212
1.607300
1.084473
1.740723
1.333374
0.862793
0.498535
0.320679
0.317139
0.460449
0.973511
1.319580
1.420166
1.613037
1.087646
1.739014
1.333862
0.864136
0.498657
0.325195
0.309082
0.461060
0.976562
1.278931
1.393799
1.638916
1.106201
1.756348
1.358398
0.874512
0.498535
0.321167
0.318237
0.462646
0.980713
1.333618
1.423096
1.645874
1.110474
1.758423
1.359497
0.874756
0.498535
0.326172
0.311279
0.464600
0.976196
1.297974
1.395752
1.670532
1.125000
1.773804
1.385742
0.885742
0.498413
0.321899
0.320312
0.464966
0.981689
1.349121
1.421997
1.674438
1.132202
1.774170
1.385986
0.888916
0.498413
0.326294
0.312256
0.466309
0.975098
1.313599
1.394897
1.696655
1.145630
1.787598
1.410645
0.902466
0.498413
0.322510
0.321777
0.466919
0.983154
1.363647
1.420288
1.702026
1.153687
1.790161
1.412354
0.904419
0.498413
0.326904
0.315308
0.469116
0.973267
1.328613
1.393799
1.709839
1.166016
1.797119
1.435303
0.921997
0.498291
0.323486
0.323730
0.469727
0.979614
1.378052
1.420776
1.717041
1.176392
1.802979
1.436523
0.923096
0.498169
0.327393
0.318237
0.471802
0.970093
1.343018
1.394897
1.713623
1.189331
1.808960
1.459595
0.942993
0.498169
0.324219
0.326294
0.471313
0.975708
1.387329
1.422241
1.723633
1.198364
1.814209
1.462769
0.943848
0.498169
0.329346
0.320801
0.473755
0.965332
1.359863
1.394043
1.710449
1.210815
1.822388
1.488525
0.969727
0.498047
0.326416
0.328125
0.473633
0.971191
1.399292
1.423462
1.719360
1.223022
1.829102
1.493164
0.973022
0.497803
0.330933
0.323608
0.475708
0.960449
1.370605
1.395142
1.702637
1.233521
1.839111
1.517334
0.997803
0.497925
0.329224
0.331055
0.475342
0.966431
1.410278
1.423218
1.712036
1.250244
1.843628
1.524170
1.004395
0.497681
0.333130
0.327271
0.478882
0.949829
1.387695
1.395020
1.687378
1.254028
1.856323
1.547485
1.026367
0.497803
0.331665
0.336060
0.478149
0.959595
1.424561
1.423462
1.701416
1.268555
1.864502
1.552490
1.032715
0.497559
0.335693
0.334351
0.480835
0.942749
1.399414
1.396729
1.677490
1.272339
1.880249
1.577759
1.058228
0.497559
0.334839
0.341797
0.480225
0.950439
1.434448
1.423096
1.688354
1.286377
1.890869
1.583496
1.065430
0.497559
0.338135
0.340942
0.482300
0.932983
1.411621
1.396606
1.677246
1.291504
1.907837
1.610596
1.088745
0.497559
0.337769
0.347656
0.482056
0.942017
1.445312
1.422119
1.687866
1.308228
1.919556
1.615112
1.099487
0.497437
0.340942
0.351929
0.484619
0.924561
1.425293
1.394653
1.679565
1.311401
1.936890
1.642578
1.118408
0.497437
0.341187
0.354614
0.483521
0.930908
1.459229
1.420898
1.690430
1.325562
1.950317
1.648804
1.125000
0.497192
0.344116
0.361328
0.485474
0.917114
1.437378
1.390137
1.683105
1.327759
1.971313
1.676392
1.137451
0.497192
0.344482
0.364868
0.485229
0.921753
1.467285
1.418091
1.693726
1.343994
1.982788
1.680664
1.143066
0.496704
0.347168
0.371460
0.486694
0.907593
1.446289
1.387939
1.689697
1.342896
2.001343
1.708862
1.148438
0.496704
0.347412
0.378052
0.486206
0.916382
1.478882
1.414307
1.700684
1.361450
2.010620
1.717651
1.154419
0.495972
0.348877
0.380371
0.488037
0.907471
1.458496
1.383667
1.689575
1.354248
2.026367
1.744629
1.151489
0.495972
0.349731
0.386719
0.487915
0.915405
1.488525
1.410889
1.704346
1.376953
2.039307
1.749634
1.154663
0.495728
0.351685
0.393188
0.488770
0.910767
1.464600
1.378052
1.693481
1.362061
2.041382
1.769531
1.139038
0.495605
0.351685
0.397095
0.489014
0.921143
1.493774
1.406250
1.706665
1.381104
2.053223
1.774902
1.140137
0.499878
0.575684
0.631836
0.008179
0.362305
0.454712
0.870605
0.367798
0.458008
0.091187
0.002686
0.276245
0.499634
0.544067
0.577881
0.013550
0.360474
0.402466
0.932007
0.379517
0.413208
0.048950
0.000610
0.268311
0.499634
0.422852
0.541870
0.064209
0.387329
0.545776
0.936035
0.374634
0.468140
0.162476
0.005127
0.452026
0.499512
0.408203
0.542236
0.094971
0.387695
0.497559
1.020386
0.384644
0.440186
0.112427
0.001831
0.517212
0.498535
0.358765
0.526978
0.201782
0.435913
0.590820
0.960327
0.389404
0.492432
0.267578
0.013550
0.570312
0.498657
0.354736
0.536987
0.253662
0.446167
0.538696
1.032227
0.391846
0.487671
0.241943
0.008301
0.630249
0.496338
0.337646
0.491211
0.281982
0.514038
0.620117
0.966309
0.411011
0.481689
0.367432
0.049194
0.634033
0.496460
0.333984
0.475464
0.312134
0.558960
0.578125
1.043335
0.409058
0.506714
0.367554
0.025513
0.685303
0.490723
0.326416
0.396240
0.315796
0.607178
0.638062
0.978638
0.445801
0.476318
0.471191
0.113525
0.672485
0.492676
0.327148
0.375610
0.338989
0.664185
0.610596
1.046997
0.434082
0.491089
0.446655
0.077637
0.728394
0.486084
0.321899
0.325195
0.331543
0.666138
0.662354
0.991455
0.479248
0.483765
0.568848
0.176270
0.692749
0.488159
0.323120
0.316284
0.354004
0.707886
0.644897
1.053467
0.464233
0.479004
0.532959
0.155151
0.741943
0.479614
0.319336
0.286621
0.346313
0.694702
0.683960
1.006226
0.518188
0.495117
0.660889
0.232300
0.700806
0.484497
0.319824
0.297974
0.365723
0.726929
0.676758
1.059814
0.494629
0.505249
0.627686
0.228027
0.749390
0.476929
0.316772
0.274902
0.356079
0.708862
0.707520
1.029053
0.566650
0.524536
0.738159
0.287109
0.702759
0.481567
0.317871
0.291626
0.377441
0.737305
0.710327
1.061890
0.524536
0.533447
0.713867
0.283203
0.750732
0.475098
0.316406
0.270630
0.365723
0.719971
0.727905
1.041260
0.618896
0.557129
0.799561
0.340820
0.706177
0.478760
0.316650
0.287354
0.386719
0.744629
0.736206
1.064453
0.577881
0.557861
0.783447
0.328979
0.745972
0.475220
0.317017
0.268188
0.373413
0.726807
0.743408
1.047852
0.670532
0.583496
0.854980
0.388062
0.708252
0.477783
0.316162
0.287109
0.391724
0.750610
0.765137
1.072754
0.634277
0.582886
0.842407
0.379395
0.740845
0.475586
0.317139
0.266479
0.380371
0.729614
0.761475
1.060425
0.727417
0.609131
0.901123
0.442261
0.710693
0.477661
0.314819
0.288330
0.399536
0.753906
0.790405
1.091187
0.699219
0.606689
0.888184
0.432617
0.735718
0.476562
0.317261
0.265747
0.386841
0.732910
0.783691
1.070557
0.788818
0.628662
0.940796
0.497559
0.713013
0.478149
0.314087
0.288452
0.405151
0.756714
0.810913
1.099731
0.765381
0.629517
0.929565
0.485962
0.731323
0.478027
0.317505
0.267334
0.395264
0.735596
0.808105
1.083252
0.844238
0.647583
0.984253
0.549072
0.715332
0.478516
0.313721
0.286621
0.410767
0.757446
0.834229
1.117676
0.828369
0.652100
0.965576
0.536255
0.729370
0.479614
0.317261
0.268677
0.401855
0.737793
0.832520
1.101807
0.897705
0.668457
1.032593
0.600952
0.717773
0.480347
0.314697
0.286377
0.417480
0.756104
0.855713
1.132568
0.892334
0.674561
1.000366
0.600342
0.729980
0.481567
0.317383
0.268921
0.407349
0.742676
0.862305
1.121582
0.946777
0.683838
1.073853
0.650391
0.721924
0.481689
0.314941
0.286865
0.422241
0.758057
0.877563
1.153198
0.953857
0.697388
1.040039
0.654785
0.734131
0.483521
0.318237
0.270630
0.414795
0.744141
0.890747
1.143799
0.996460
0.698242
1.122070
0.696167
0.726440
0.483765
0.315063
0.289307
0.427124
0.759766
0.902100
1.176147
1.008057
0.716187
1.085938
0.708862
0.738159
0.485840
0.318726
0.271362
0.419189
0.747559
0.922485
1.175537
1.040649
0.711426
1.160889
0.745972
0.729614
0.486084
0.315308
0.289551
0.431274
0.762329
0.926514
1.201294
1.050659
0.728027
1.133179
0.758301
0.741211
0.488281
0.319336
0.272217
0.422729
0.750610
0.946411
1.208374
1.077393
0.728516
1.203857
0.794312
0.730347
0.487915
0.315430
0.289795
0.435791
0.764404
0.955444
1.231689
1.085571
0.742065
1.179321
0.816040
0.743408
0.489990
0.320923
0.274292
0.427856
0.754028
0.980225
1.244995
1.108521
0.745117
1.248535
0.845337
0.731689
0.489502
0.315552
0.289673
0.438843
0.766357
0.986084
1.268799
1.114380
0.759521
1.223389
0.865967
0.742065
0.491333
0.321777
0.276489
0.431641
0.753418
1.011475
1.278198
1.140991
0.762085
1.290161
0.892090
0.734863
0.491089
0.316406
0.290405
0.440308
0.769653
1.017822
1.296753
1.151489
0.774048
1.268188
0.906250
0.742920
0.492065
0.321777
0.280640
0.436768
0.754395
1.034668
1.307739
1.177979
0.780029
1.328857
0.933838
0.737061
0.491943
0.316772
0.291138
0.443848
0.772461
1.055542
1.327515
1.186523
0.788330
1.309937
0.945557
0.744873
0.492676
0.321899
0.282349
0.438354
0.759766
1.058350
1.330688
1.214478
0.803711
1.366577
0.967285
0.741089
0.492432
0.316650
0.293335
0.446533
0.773193
1.083862
1.353516
1.219849
0.806885
1.351318
0.985474
0.747925
0.493896
0.322510
0.284302
0.440796
0.762939
1.075317
1.344727
1.253418
0.820068
1.406128
1.002808
0.748535
0.493408
0.316895
0.294922
0.447632
0.775269
1.112671
1.377930
1.259277
0.825928
1.386963
1.014282
0.750366
0.494751
0.322998
0.286743
0.443359
0.766968
1.093384
1.356079
1.292847
0.842163
1.442505
1.037964
0.756592
0.494995
0.316895
0.296509
0.449097
0.778198
1.136597
1.395020
1.293823
0.848022
1.427734
1.044312
0.755371
0.495117
0.323608
0.288086
0.444702
0.776123
1.111694
1.363403
1.328125
0.862793
1.477783
1.070679
0.764648
0.495239
0.317505
0.298096
0.450073
0.782715
1.152954
1.405640
1.328003
0.864624
1.461792
1.076050
0.764282
0.495850
0.324341
0.290405
0.447021
0.786743
1.128174
1.367310
1.359375
0.887329
1.509521
1.101562
0.776123
0.495850
0.317383
0.300781
0.451294
0.792358
1.173706
1.409790
1.359375
0.886230
1.495605
1.108154
0.775513
0.496826
0.324585
0.292725
0.448730
0.803101
1.142456
1.370605
1.389771
0.913696
1.542847
1.132080
0.785889
0.496704
0.318115
0.303101
0.452271
0.804077
1.192871
1.414795
1.389771
0.907837
1.527100
1.138306
0.785767
0.496948
0.325195
0.295410
0.449097
0.820923
1.156982
1.376587
1.414917
0.935059
1.574707
1.159912
0.794067
0.496826
0.318481
0.304321
0.453857
0.822021
1.209229
1.420654
1.415771
0.929810
1.557251
1.165649
0.796509
0.496948
0.325073
0.296021
0.450195
0.843628
1.168701
1.379639
1.440430
0.956421
1.603760
1.185791
0.802246
0.496948
0.318237
0.307007
0.455444
0.846680
1.225098
1.420044
1.439575
0.952759
1.589844
1.191284
0.804443
0.497192
0.325317
0.297974
0.451172
0.871460
1.184448
1.381104
1.465698
0.979370
1.632080
1.211792
0.810669
0.497437
0.319214
0.308716
0.455933
0.869873
1.237671
1.420898
1.467773
0.973877
1.619507
1.219727
0.813477
0.497803
0.325439
0.301025
0.453125
0.899414
1.200806
1.384399
1.490601
1.000366
1.656128
1.241455
0.818237
0.497925
0.319580
0.309692
0.457275
0.900635
1.254395
1.422729
1.495850
0.995117
1.646729
1.241089
0.822144
0.498047
0.324951
0.301392
0.455200
0.926025
1.214478
1.386719
1.516479
1.024170
1.680908
1.262817
0.829712
0.497925
0.319824
0.312012
0.458252
0.926880
1.269897
1.422241
1.521362
1.020264
1.674072
1.265259
0.832764
0.498291
0.325562
0.302734
0.456787
0.945801
1.234009
1.389526
1.543823
1.045410
1.703247
1.286255
0.839722
0.498413
0.319580
0.314819
0.458008
0.947876
1.287842
1.418579
1.552979
1.045654
1.696167
1.289062
0.841675
0.498657
0.325317
0.304688
0.457397
0.959595
1.248291
1.390259
1.575073
1.065552
1.722290
1.308960
0.850830
0.498413
0.319946
0.316895
0.459473
0.965698
1.304932
1.420532
1.581909
1.067871
1.717529
1.311035
0.853760
0.498657
0.324829
0.306885
0.458984
0.969727
1.264282
1.392212
1.607300
1.084473
1.740723
1.333374
0.862793
0.498535
0.320679
0.317139
0.460449
0.973511
1.319580
1.420166
1.613037
1.087646
1.739014
1.333862
0.864136
0.498657
0.325195
0.309082
0.461060
0.976562
1.278931
1.393799
1.638916
1.106201
1.756348
1.358398
0.874512
0.498535
0.321167
0.318237
0.462646
0.980713
1.333618
1.423096
1.645874
1.110474
1.758423
1.359497
0.874756
0.498535
0.326172
0.311279
0.464600
0.976196
1.297974
1.395752
1.670532
1.125000
1.773804
1.385742
0.885742
0.498413
0.321899
0.320312
0.464966
0.981689
1.349121
1.421997
1.674438
1.132202
1.774170
1.385986
0.888916
0.498413
0.326294
0.312256
0.466309
0.975098
1.313599
1.394897
1.696655
1.145630
1.787598
1.410645
0.902466
0.498413
0.322510
0.321777
0.466919
0.983154
1.363647
1.420288
1.702026
1.153687
1.790161
1.412354
0.904419
0.498413
0.326904
0.315308
0.469116
0.973267
1.328613
1.393799
1.709839
1.166016
1.797119
1.435303
0.921997
0.498291
0.323486
0.323730
0.469727
0.979614
1.378052
1.420776
1.717041
1.176392
1.802979
1.436523
0.923096
0.498169
0.327393
0.318237
0.471802
0.970093
1.343018
1.394897
1.713623
1.189331
1.808960
1.459595
0.942993
0.498169
0.324219
0.326294
0.471313
0.975708
1.387329
1.422241
1.723633
1.198364
1.814209
1.462769
0.943848
0.498169
0.329346
0.320801
0.473755
0.965332
1.359863
1.394043
1.710449
1.210815
1.822388
1.488525
0.969727
0.498047
0.326416
0.328125
0.473633
0.971191
1.399292
1.423462
1.719360
1.223022
1.829102
1.493164
0.973022
0.497803
0.330933
0.323608
0.475708
0.960449
1.370605
1.395142
1.702637
1.233521
1.839111
1.517334
0.997803
0.497925
0.329224
0.331055
0.475342
0.966431
1.410278
1.423218
1.712036
1.250244
1.843628
1.524170
1.004395
0.497681
0.333130
0.327271
0.478882
0.949829
1.387695
1.395020
1.687378
1.254028
1.856323
1.547485
1.026367
0.497803
0.331665
0.336060
0.478149
0.959595
1.424561
1.423462
1.701416
1.268555
1.864502
1.552490
1.032715
0.497559
0.335693
0.334351
0.480835
0.942749
1.399414
1.396729
1.677490
1.272339
1.880249
1.577759
1.058228
0.497559
0.334839
0.341797
0.480225
0.950439
1.434448
1.423096
1.688354
1.286377
1.890869
1.583496
1.065430
0.497559
0.338135
0.340942
0.482300
0.932983
1.411621
1.396606
1.677246
1.291504
1.907837
1.610596
1.088745
0.497559
0.337769
0.347656
0.482056
0.942017
1.445312
1.422119
1.687866
1.308228
1.919556
1.615112
1.099487
0.497437
0.340942
0.351929
0.484619
0.924561
1.425293
1.394653
1.679565
1.311401
1.936890
1.642578
1.118408
0.497437
0.341187
0.354614
0.483521
0.930908
1.459229
1.420898
1.690430
1.325562
1.950317
1.648804
1.125000
0.497192
0.344116
0.361328
0.485474
0.917114
1.437378
1.390137
1.683105
1.327759
1.971313
1.676392
1.137451
0.497192
0.344482
0.364868
0.485229
0.921753
1.467285
1.418091
1.693726
1.343994
1.982788
1.680664
1.143066
0.496704
0.347168
0.371460
0.486694
0.907593
1.446289
1.387939
1.689697
1.342896
2.001343
1.708862
1.148438
0.496704
0.347412
0.378052
0.486206
0.916382
1.478882
1.414307
1.700684
1.361450
2.010620
1.717651
1.154419
0.495972
0.348877
0.380371
0.488037
0.907471
1.458496
1.383667
1.689575
1.354248
2.026367
1.744629
1.151489
0.495972
0.349731
0.386719
0.487915
0.915405
1.488525
1.410889
1.704346
1.376953
2.039307
1.749634
1.154663
0.495728
0.351685
0.393188
0.488770
0.910767
1.464600
1.378052
1.693481
1.362061
2.041382
1.769531
1.139038
0.495605
0.351685
0.397095
0.489014
0.921143
1.493774
1.406250
1.706665
1.381104
2.053223
1.774902
1.140137
0.499878
0.575684
0.631836
0.008179
0.362305
0.454712
0.870605
0.367798
0.458008
0.091187
0.002686
0.276245
0.499634
0.544067
0.577881
0.013550
0.360474
0.402466
0.932007
0.379517
0.413208
0.048950
0.000610
0.268311
0.499634
0.422852
0.541870
0.064209
0.387329
0.545776
0.936035
0.374634
0.468140
0.162476
0.005127
0.452026
0.499512
0.408203
0.542236
0.094971
0.387695
0.497559
1.020386
0.384644
0.440186
0.112427
0.001831
0.517212
0.498535
0.358765
0.526978
0.201782
0.435913
0.590820
0.960327
0.389404
0.492432
0.267578
0.013550
0.570312
0.498657
0.354736
0.536987
0.253662
0.446167
0.538696
1.032227
0.391846
0.487671
0.241943
0.008301
0.630249
0.496338
0.337646
0.491211
0.281982
0.514038
0.620117
0.966309
0.411011
0.481689
0.367432
0.049194
0.634033
0.496460
0.333984
0.475464
0.312134
0.558960
0.578125
1.043335
0.409058
0.506714
0.367554
0.025513
0.685303
0.490723
0.326416
0.396240
0.315796
0.607178
0.638062
0.978638
0.445801
0.476318
0.471191
0.113525
0.672485
0.492676
0.327148
0.375610
0.338989
0.664185
0.610596
1.046997
0.434082
0.491089
0.446655
0.077637
0.728394
0.486084
0.321899
0.325195
0.331543
0.666138
0.662354
0.991455
0.479248
0.483765
0.568848
0.176270
0.692749
0.488159
0.323120
0.316284
0.354004
0.707886
0.644897
1.053467
0.464233
0.479004
0.532959
0.155151
0.741943
0.479614
0.319336
0.286621
0.346313
0.694702
0.683960
1.006226
0.518188
0.495117
0.660889
0.232300
0.700806
0.484497
0.319824
0.297974
0.365723
0.726929
0.676758
1.059814
0.494629
0.505249
0.627686
0.228027
0.749390
0.476929
0.316772
0.274902
0.356079
0.708862
0.707520
1.029053
0.566650
0.524536
0.738159
0.287109
0.702759
0.481567
0.317871
0.291626
0.377441
0.737305
0.710327
1.061890
0.524536
0.533447
0.713867
0.283203
0.750732
0.475098
0.316406
0.270630
0.365723
0.719971
0.727905
1.041260
0.618896
0.557129
0.799561
0.340820
0.706177
0.478760
0.316650
0.287354
0.386719
0.744629
0.736206
1.064453
0.577881
0.557861
0.783447
0.328979
0.745972
0.475220
0.317017
0.268188
0.373413
0.726807
0.743408
1.047852
0.670532
0.583496
0.854980
0.388062
0.708252
0.477783
0.316162
0.287109
0.391724
0.750610
0.765137
1.072754
0.634277
0.582886
0.842407
0.379395
0.740845
0.475586
0.317139
0.266479
0.380371
0.729614
0.761475
1.060425
0.727417
0.609131
0.901123
0.442261
0.710693
0.477661
0.314819
0.288330
0.399536
0.753906
0.790405
1.091187
0.699219
0.606689
0.888184
0.432617
0.735718
0.476562
0.317261
0.265747
0.386841
0.732910
0.783691
1.070557
0.788818
0.628662
0.940796
0.497559
0.713013
0.478149
0.314087
0.288452
0.405151
0.756714
0.810913
1.099731
0.765381
0.629517
0.929565
0.485962
0.731323
0.478027
0.317505
0.267334
0.395264
0.735596
0.808105
1.083252
0.844238
0.647583
0.984253
0.549072
0.715332
0.478516
0.313721
0.286621
0.410767
0.757446
0.834229
1.117676
0.828369
0.652100
0.965576
0.536255
0.729370
0.479614
0.317261
0.268677
0.401855
0.737793
0.832520
1.101807
0.897705
0.668457
1.032593
0.600952
0.717773
0.480347
0.314697
0.286377
0.417480
0.756104
0.855713
1.132568
0.892334
0.674561
1.000366
0.600342
0.729980
0.481567
0.317383
0.268921
0.407349
0.742676
0.862305
1.121582
0.946777
0.683838
1.073853
0.650391
0.721924
0.481689
0.314941
0.286865
0.422241
0.758057
0.877563
1.153198
0.953857
0.697388
1.040039
0.654785
0.734131
0.483521
0.318237
0.270630
0.414795
0.744141
0.890747
1.143799
0.996460
0.698242
1.122070
0.696167
0.726440
0.483765
0.315063
0.289307
0.427124
0.759766
0.902100
1.176147
1.008057
0.716187
1.085938
0.708862
0.738159
0.485840
0.318726
0.271362
0.419189
0.747559
0.922485
1.175537
1.040649
0.711426
1.160889
0.745972
0.729614
0.486084
0.315308
0.289551
0.431274
0.762329
0.926514
1.201294
1.050659
0.728027
1.133179
0.758301
0.741211
0.488281
0.319336
0.272217
0.422729
0.750610
0.946411
1.208374
1.077393
0.728516
1.203857
0.794312
0.730347
0.487915
0.315430
0.289795
0.435791
0.764404
0.955444
1.231689
1.085571
0.742065
1.179321
0.816040
0.743408
0.489990
0.320923
0.274292
0.427856
0.754028
0.980225
1.244995
1.108521
0.745117
1.248535
0.845337
0.731689
0.489502
0.315552
0.289673
0.438843
0.766357
0.986084
1.268799
1.114380
0.759521
1.223389
0.865967
0.742065
0.491333
0.321777
0.276489
0.431641
0.753418
1.011475
1.278198
1.140991
0.762085
1.290161
0.892090
0.734863
0.491089
0.316406
0.290405
0.440308
0.769653
1.017822
1.296753
1.151489
0.774048
1.268188
0.906250
0.742920
0.492065
0.321777
0.280640
0.436768
0.754395
1.034668
1.307739
1.177979
0.780029
1.328857
0.933838
0.737061
0.491943
0.316772
0.291138
0.443848
0.772461
1.055542
1.327515
1.186523
0.788330
1.309937
0.945557
0.744873
0.492676
0.321899
0.282349
0.438354
0.759766
1.058350
1.330688
1.214478
0.803711
1.366577
0.967285
0.741089
0.492432
0.316650
0.293335
0.446533
0.773193
1.083862
1.353516
1.219849
0.806885
1.351318
0.985474
0.747925
0.493896
0.322510
0.284302
0.440796
0.762939
1.075317
1.344727
1.253418
0.820068
1.406128
1.002808
0.748535
0.493408
0.316895
0.294922
0.447632
0.775269
1.112671
1.377930
1.259277
0.825928
1.386963
1.014282
0.750366
0.494751
0.322998
0.286743
0.443359
0.766968
1.093384
1.356079
1.292847
0.842163
1.442505
1.037964
0.756592
0.494995
0.316895
0.296509
0.449097
0.778198
1.136597
1.395020
1.293823
0.848022
1.427734
1.044312
0.755371
0.495117
0.323608
0.288086
0.444702
0.776123
1.111694
1.363403
1.328125
0.862793
1.477783
1.070679
0.764648
0.495239
0.317505
0.298096
0.450073
0.782715
1.152954
1.405640
1.328003
0.864624
1.461792
1.076050
0.764282
0.495850
0.324341
0.290405
0.447021
0.786743
1.128174
1.367310
1.359375
0.887329
1.509521
1.101562
0.776123
0.495850
0.317383
0.300781
0.451294
0.792358
1.173706
1.409790
1.359375
0.886230
1.495605
1.108154
0.775513
0.496826
0.324585
0.292725
0.448730
0.803101
1.142456
1.370605
1.389771
0.913696
1.542847
1.132080
0.785889
0.496704
0.318115
0.303101
0.452271
0.804077
1.192871
1.414795
1.389771
0.907837
1.527100
1.138306
0.785767
0.496948
0.325195
0.295410
0.449097
0.820923
1.156982
1.376587
1.414917
0.935059
1.574707
1.159912
0.794067
0.496826
0.318481
0.304321
0.453857
0.822021
1.209229
1.420654
1.415771
0.929810
1.557251
1.165649
0.796509
0.496948
0.325073
0.296021
0.450195
0.843628
1.168701
1.379639
1.440430
0.956421
1.603760
1.185791
0.802246
0.496948
0.318237
0.307007
0.455444
0.846680
1.225098
1.420044
1.439575
0.952759
1.589844
1.191284
0.804443
0.497192
0.325317
0.297974
0.451172
0.871460
1.184448
1.381104
1.465698
0.979370
1.632080
1.211792
0.810669
0.497437
0.319214
0.308716
0.455933
0.869873
1.237671
1.420898
1.467773
0.973877
1.619507
1.219727
0.813477
0.497803
0.325439
0.301025
0.453125
0.899414
1.200806
1.384399
1.490601
1.000366
1.656128
1.241455
0.818237
0.497925
0.319580
0.309692
0.457275
0.900635
1.254395
1.422729
1.495850
0.995117
1.646729
1.241089
0.822144
0.498047
0.324951
0.301392
0.455200
0.926025
1.214478
1.386719
1.516479
1.024170
1.680908
1.262817
0.829712
0.497925
0.319824
0.312012
0.458252
0.926880
1.269897
1.422241
1.521362
1.020264
1.674072
1.265259
0.832764
0.498291
0.325562
0.302734
0.456787
0.945801
1.234009
1.389526
1.543823
1.045410
1.703247
1.286255
0.839722
0.498413
0.319580
0.314819
0.458008
0.947876
1.287842
1.418579
1.552979
1.045654
1.696167
1.289062
0.841675
0.498657
0.325317
0.304688
0.457397
0.959595
1.248291
1.390259
1.575073
1.065552
1.722290
1.308960
0.850830
0.498413
0.319946
0.316895
0.459473
0.965698
1.304932
1.420532
1.581909
1.067871
1.717529
1.311035
0.853760
0.498657
0.324829
0.306885
0.458984
0.969727
1.264282
1.392212
1.607300
1.084473
1.740723
1.333374
0.862793
0.498535
0.320679
0.317139
0.460449
0.973511
1.319580
1.420166
1.613037
1.087646
1.739014
1.333862
0.864136
0.498657
0.325195
0.309082
0.461060
0.976562
1.278931
1.393799
1.638916
1.106201
1.756348
1.358398
0.874512
0.498535
0.321167
0.318237
0.462646
0.980713
1.333618
1.423096
1.645874
1.110474
1.758423
1.359497
0.874756
0.498535
0.326172
0.311279
0.464600
0.976196
1.297974
1.395752
1.670532
1.125000
1.773804
1.385742
0.885742
0.498413
0.321899
0.320312
0.464966
0.981689
1.349121
1.421997
1.674438
1.132202
1.774170
1.385986
0.888916
0.498413
0.326294
0.312256
0.466309
0.975098
1.313599
1.394897
1.696655
1.145630
1.787598
1.410645
0.902466
0.498413
0.322510
0.321777
0.466919
0.983154
1.363647
1.420288
1.702026
1.153687
1.790161
1.412354
0.904419
0.498413
0.326904
0.315308
0.469116
0.973267
1.328613
1.393799
1.709839
1.166016
1.797119
1.435303
0.921997
0.498291
0.323486
0.323730
0.469727
0.979614
1.378052
1.420776
1.717041
1.176392
1.802979
1.436523
0.923096
0.498169
0.327393
0.318237
0.471802
0.970093
1.343018
1.394897
1.713623
1.189331
1.808960
1.459595
0.942993
0.498169
0.324219
0.326294
0.471313
0.975708
1.387329
1.422241
1.723633
1.198364
1.814209
1.462769
0.943848
0.498169
0.329346
0.320801
0.473755
0.965332
1.359863
1.394043
1.710449
1.210815
1.822388
1.488525
0.969727
0.498047
0.326416
0.328125
0.473633
0.971191
1.399292
1.423462
1.719360
1.223022
1.829102
1.493164
0.973022
0.497803
0.330933
0.323608
0.475708
0.960449
1.370605
1.395142
1.702637
1.233521
1.839111
1.517334
0.997803
0.497925
0.329224
0.331055
0.475342
0.966431
1.410278
1.423218
1.712036
1.250244
1.843628
1.524170
1.004395
0.497681
0.333130
0.327271
0.478882
0.949829
1.387695
1.395020
1.687378
1.254028
1.856323
1.547485
1.026367
0.497803
0.331665
0.336060
0.478149
0.959595
1.424561
1.423462
1.701416
1.268555
1.864502
1.552490
1.032715
0.497559
0.335693
0.334351
0.480835
0.942749
1.399414
1.396729
1.677490
1.272339
1.880249
1.577759
1.058228
0.497559
0.334839
0.341797
0.480225
0.950439
1.434448
1.423096
1.688354
1.286377
1.890869
1.583496
1.065430
0.497559
0.338135
0.340942
0.482300
0.932983
1.411621
1.396606
1.677246
1.291504
1.907837
1.610596
1.088745
0.497559
0.337769
0.347656
0.482056
0.942017
1.445312
1.422119
1.687866
1.308228
1.919556
1.615112
1.099487
0.497437
0.340942
0.351929
0.484619
0.924561
1.425293
1.394653
1.679565
1.311401
1.936890
1.642578
1.118408
0.497437
0.341187
0.354614
0.483521
0.930908
1.459229
1.420898
1.690430
1.325562
1.950317
1.648804
1.125000
0.497192
0.344116
0.361328
0.485474
0.917114
1.437378
1.390137
1.683105
1.327759
1.971313
1.676392
1.137451
0.497192
0.344482
0.364868
0.485229
0.921753
1.467285
1.418091
1.693726
1.343994
1.982788
1.680664
1.143066
0.496704
0.347168
0.371460
0.486694
0.907593
1.446289
1.387939
1.689697
1.342896
2.001343
1.708862
1.148438
0.496704
0.347412
0.378052
0.486206
0.916382
1.478882
1.414307
1.700684
1.361450
2.010620
1.717651
1.154419
0.495972
0.348877
0.380371
0.488037
0.907471
1.458496
1.383667
1.689575
1.354248
2.026367
1.744629
1.151489
0.495972
0.349731
0.386719
0.487915
0.915405
1.488525
1.410889
1.704346
1.376953
2.039307
1.749634
1.154663
0.495728
0.351685
0.393188
0.488770
0.910767
1.464600
1.378052
1.693481
1.362061
2.041382
1.769531
1.139038
0.495605
0.351685
0.397095
0.489014
0.921143
1.493774
1.406250
1.706665
1.381104
2.053223
1.774902
1.140137
0.493774
0.389404
0.283325
0.000000
0.219971
0.196411
0.514404
0.317505
0.388794
0.010986
0.000244
0.065918
0.492554
0.359497
0.281860
0.000000
0.237427
0.107910
0.487671
0.304932
0.348755
0.001099
0.000000
0.041504
0.488647
0.296265
0.279297
0.000366
0.280151
0.258057
0.553467
0.328003
0.359497
0.037842
0.000854
0.182739
0.487183
0.286011
0.275024
0.000488
0.278564
0.191772
0.529541
0.320801
0.338623
0.010254
0.000122
0.186401
0.474121
0.272583
0.184326
0.015991
0.305908
0.348755
0.584229
0.335571
0.310547
0.095215
0.001709
0.343506
0.476318
0.267090
0.112793
0.022339
0.295166
0.312256
0.587769
0.334229
0.313232
0.063843
0.000732
0.395386
0.454590
0.266113
0.047974
0.073242
0.320312
0.401123
0.613403
0.343750
0.279663
0.148560
0.004883
0.481689
0.462402
0.265747
0.033203
0.094116
0.308472
0.368530
0.622314
0.344238
0.240967
0.147949
0.003906
0.541870
0.444946
0.265625
0.031494
0.149170
0.345825
0.427246
0.642212
0.353027
0.271240
0.222412
0.024902
0.583130
0.447388
0.265625
0.031250
0.164917
0.339478
0.402832
0.661255
0.352417
0.210449
0.222900
0.009033
0.638184
0.437988
0.265625
0.031250
0.200684
0.395996
0.446411
0.671509
0.369629
0.290405
0.306274
0.074219
0.632935
0.440308
0.265625
0.031250
0.216064
0.416748
0.429199
0.695312
0.366821
0.241699
0.283936
0.037720
0.688599
0.434204
0.265625
0.031250
0.235962
0.469482
0.466675
0.700806
0.389893
0.320068
0.384644
0.133423
0.657471
0.434814
0.265625
0.031250
0.244385
0.501953
0.452393
0.726562
0.381958
0.289307
0.348389
0.097656
0.703735
0.430908
0.265625
0.031250
0.258789
0.531128
0.486206
0.727417
0.411011
0.350464
0.462280
0.181396
0.665771
0.432495
0.265625
0.031372
0.260742
0.566040
0.480469
0.762329
0.400146
0.335693
0.434448
0.162598
0.708618
0.431274
0.265625
0.031250
0.270508
0.568359
0.501343
0.748047
0.431030
0.381592
0.531250
0.229004
0.669678
0.431641
0.265625
0.031372
0.272827
0.593018
0.494751
0.787842
0.418457
0.372559
0.516357
0.214355
0.704834
0.432495
0.265625
0.031250
0.279053
0.588623
0.511230
0.771606
0.461304
0.413330
0.593506
0.279663
0.671021
0.432739
0.265625
0.031372
0.282837
0.602417
0.513672
0.810303
0.436890
0.409058
0.575684
0.255005
0.702271
0.433838
0.265625
0.031250
0.286255
0.599609
0.522705
0.792236
0.497070
0.438477
0.647217
0.326172
0.671875
0.434448
0.265625
0.031616
0.287354
0.608765
0.527466
0.828613
0.467407
0.440796
0.630493
0.296387
0.699585
0.436157
0.265625
0.031372
0.292847
0.604736
0.531616
0.804321
0.533081
0.466675
0.695068
0.371216
0.676025
0.437134
0.265625
0.031860
0.295776
0.612427
0.543701
0.846069
0.504761
0.470947
0.682007
0.342651
0.698853
0.439331
0.265625
0.031738
0.297363
0.608276
0.544312
0.817383
0.579468
0.490112
0.740234
0.417969
0.676880
0.440552
0.265625
0.032227
0.303101
0.614014
0.559570
0.858887
0.548950
0.494019
0.723511
0.387573
0.699829
0.443359
0.265625
0.032104
0.304443
0.610596
0.557373
0.826538
0.626099
0.509277
0.786377
0.466431
0.679565
0.445068
0.265625
0.032959
0.309692
0.614624
0.571533
0.870361
0.592651
0.518066
0.762817
0.435059
0.698853
0.447021
0.265625
0.032471
0.310547
0.610718
0.570557
0.836792
0.677246
0.525513
0.831177
0.516479
0.682251
0.447998
0.265625
0.033569
0.315796
0.616699
0.584473
0.880493
0.646484
0.533691
0.799194
0.487671
0.701050
0.450073
0.265625
0.032837
0.315308
0.612061
0.583496
0.848755
0.727783
0.539551
0.873413
0.560913
0.684814
0.450684
0.265625
0.033691
0.321045
0.614868
0.596313
0.893921
0.702393
0.552246
0.833862
0.543335
0.701538
0.454224
0.265625
0.033569
0.320190
0.611938
0.599365
0.864258
0.773682
0.552490
0.913574
0.599854
0.685669
0.454346
0.265625
0.034058
0.327148
0.615234
0.609985
0.908936
0.759033
0.565186
0.870361
0.585327
0.700562
0.458862
0.265625
0.034180
0.324707
0.612915
0.613403
0.886353
0.823242
0.564453
0.955444
0.637451
0.688843
0.458740
0.265625
0.034912
0.332031
0.615723
0.624146
0.924927
0.816162
0.579102
0.908569
0.627563
0.699463
0.462524
0.265625
0.035034
0.330200
0.613647
0.631470
0.912964
0.873657
0.577759
0.995605
0.673706
0.691895
0.462769
0.265625
0.035767
0.336792
0.615112
0.637451
0.948975
0.869385
0.592285
0.948364
0.672485
0.698608
0.466675
0.265625
0.035889
0.334351
0.616455
0.650879
0.940063
0.918091
0.591675
1.038086
0.713257
0.693848
0.466064
0.265625
0.036377
0.342163
0.615845
0.652466
0.979370
0.913330
0.604858
0.995483
0.718750
0.699341
0.470825
0.265625
0.036011
0.340454
0.617676
0.669067
0.969971
0.959106
0.606567
1.076416
0.755493
0.695801
0.469604
0.265625
0.036743
0.346680
0.616577
0.668213
1.002563
0.947998
0.616943
1.040161
0.760742
0.697144
0.476562
0.265625
0.036743
0.345093
0.617432
0.693115
1.001099
0.993774
0.618896
1.117188
0.794312
0.699951
0.474365
0.265625
0.037354
0.350220
0.616699
0.687622
1.034058
0.979980
0.629395
1.088501
0.803955
0.697754
0.481201
0.265625
0.037598
0.347778
0.617188
0.719360
1.037964
1.028320
0.635864
1.154297
0.832153
0.702393
0.479858
0.265625
0.037964
0.354736
0.617188
0.711304
1.062622
1.015869
0.645508
1.130249
0.840698
0.699341
0.484009
0.265625
0.038452
0.351929
0.617188
0.749146
1.070190
1.064453
0.650146
1.196777
0.870361
0.709839
0.483154
0.265625
0.038452
0.357910
0.616089
0.738403
1.090454
1.054932
0.657593
1.173584
0.879761
0.702271
0.486816
0.265625
0.038940
0.356934
0.616699
0.778076
1.099609
1.098145
0.669678
1.236816
0.908691
0.715942
0.485840
0.265625
0.038940
0.362061
0.615601
0.765869
1.123291
1.091187
0.674316
1.211060
0.912842
0.707764
0.489380
0.265625
0.039062
0.361328
0.615601
0.800659
1.121216
1.131226
0.686646
1.270386
0.943726
0.725342
0.488647
0.265625
0.039185
0.366455
0.616943
0.799805
1.148438
1.129883
0.691772
1.247681
0.946289
0.715454
0.491089
0.265625
0.039307
0.365845
0.615723
0.825073
1.137329
1.163208
0.708618
1.308228
0.979248
0.735474
0.490112
0.265625
0.039795
0.369019
0.615479
0.827637
1.165527
1.169556
0.712524
1.286743
0.979736
0.725464
0.492188
0.265625
0.039429
0.369263
0.616699
0.843994
1.152344
1.198486
0.729004
1.343140
1.013306
0.743652
0.491699
0.265625
0.039917
0.372925
0.615967
0.853882
1.185669
1.204712
0.728638
1.323608
1.011230
0.736206
0.492920
0.265625
0.039917
0.372803
0.618408
0.858032
1.161499
1.230835
0.751587
1.380127
1.045532
0.752319
0.492554
0.265625
0.040649
0.375977
0.615479
0.880615
1.190674
1.237427
0.751587
1.363159
1.041504
0.745361
0.493652
0.265625
0.040405
0.376709
0.621826
0.876709
1.166870
1.268311
0.775879
1.416016
1.076416
0.760864
0.493408
0.265625
0.041016
0.378784
0.619507
0.899048
1.198608
1.269897
0.776611
1.396240
1.069824
0.755737
0.494141
0.265625
0.040649
0.380127
0.628296
0.893066
1.172485
1.299438
0.800537
1.446289
1.101562
0.768188
0.494141
0.265625
0.041504
0.382324
0.622803
0.921143
1.201782
1.302002
0.801392
1.431030
1.099976
0.764160
0.495361
0.265625
0.040894
0.382935
0.635132
0.906494
1.175293
1.327271
0.824097
1.473145
1.129639
0.776367
0.494995
0.265625
0.041504
0.385254
0.631592
0.940796
1.203613
1.332031
0.823242
1.464966
1.129883
0.774414
0.495605
0.265625
0.041138
0.386841
0.646851
0.922607
1.177979
1.351074
0.846558
1.501221
1.154541
0.785645
0.495361
0.265625
0.041992
0.388794
0.643311
0.954834
1.204712
1.362183
0.851562
1.492798
1.155273
0.782959
0.495605
0.265625
0.041626
0.389526
0.665039
0.941528
1.179321
1.381104
0.871460
1.524170
1.177856
0.794067
0.495605
0.265625
0.042236
0.391479
0.659790
0.975098
1.208618
1.388184
0.875366
1.521606
1.180908
0.792847
0.495605
0.265625
0.041626
0.391846
0.687256
0.958130
1.180786
1.409668
0.898193
1.548584
1.203735
0.802490
0.495483
0.265625
0.042114
0.394287
0.683594
0.991333
1.208618
1.413452
0.900269
1.542847
1.204712
0.802979
0.495728
0.265625
0.041382
0.394897
0.711670
0.978638
1.179810
1.435303
0.922607
1.571167
1.222534
0.810791
0.495850
0.265625
0.042236
0.396729
0.706787
1.007080
1.208862
1.441040
0.923218
1.567139
1.225952
0.812500
0.495850
0.265625
0.041504
0.398804
0.730347
0.995483
1.182983
1.461914
0.945679
1.587769
1.247559
0.819214
0.496216
0.265625
0.042114
0.399292
0.727051
1.027344
1.210693
1.468506
0.948853
1.587402
1.251953
0.821045
0.496338
0.265625
0.041748
0.401367
0.746948
1.014038
1.183594
1.480713
0.969971
1.605713
1.275269
0.828003
0.496582
0.265625
0.042236
0.401611
0.746826
1.044800
1.213013
1.492676
0.975952
1.606812
1.275513
0.829956
0.496704
0.265625
0.041382
0.404663
0.752563
1.031372
1.181152
1.499023
0.995605
1.625244
1.297241
0.838013
0.496582
0.265625
0.042114
0.405151
0.755249
1.061401
1.212280
1.511353
0.998413
1.626343
1.300903
0.839966
0.496582
0.265625
0.041504
0.407715
0.751587
1.049561
1.179810
1.508179
1.018921
1.639038
1.319824
0.849609
0.496582
0.265625
0.041748
0.407349
0.755371
1.078491
1.207397
1.524536
1.025269
1.642822
1.326538
0.852539
0.496338
0.265625
0.041504
0.411255
0.749146
1.063965
1.178101
1.510376
1.040283
1.654175
1.346069
0.868286
0.496460
0.265625
0.041870
0.410278
0.752563
1.095093
1.202148
1.525269
1.051636
1.659180
1.352783
0.870239
0.496216
0.265625
0.041260
0.412964
0.743042
1.078491
1.172974
1.510620
1.063965
1.663330
1.374512
0.887451
0.495850
0.265625
0.041626
0.413818
0.745483
1.107544
1.200073
1.523193
1.073364
1.673096
1.377563
0.890381
0.495728
0.265747
0.040894
0.416382
0.732422
1.096191
1.167969
1.511353
1.087158
1.677734
1.404541
0.914062
0.495728
0.265747
0.041382
0.416992
0.733765
1.121826
1.194214
1.523804
1.096069
1.685547
1.406128
0.917480
0.495605
0.265869
0.040649
0.421387
0.721558
1.110107
1.161987
1.516357
1.104858
1.694092
1.432495
0.940918
0.495483
0.265869
0.041138
0.420044
0.722412
1.136108
1.187134
1.527954
1.120728
1.699585
1.441895
0.946899
0.494873
0.265869
0.040527
0.424805
0.711426
1.118530
1.154053
1.523193
1.125244
1.715576
1.467773
0.971802
0.494873
0.265869
0.041016
0.424316
0.712036
1.142944
1.179932
1.531738
1.140137
1.721802
1.472168
0.975830
0.494141
0.265869
0.040771
0.428101
0.702026
1.123657
1.145752
1.527832
1.137207
1.736084
1.500122
1.004517
0.494385
0.265869
0.040771
0.427490
0.703125
1.146362
1.171143
1.537842
1.156738
1.745728
1.508423
1.008911
0.493896
0.265869
0.040527
0.432251
0.693970
1.125854
1.137695
1.534790
1.153931
1.763672
1.532959
1.034912
0.493896
0.265869
0.040649
0.431152
0.697510
1.146362
1.160278
1.544312
1.170044
1.774902
1.542969
1.038330
0.492676
0.266113
0.039917
0.437012
0.692139
1.122925
1.129272
1.541626
1.166382
1.791748
1.567627
1.050903
0.492920
0.266113
0.039917
0.436401
0.694336
1.142334
1.149536
1.549438
1.182739
1.803101
1.575928
1.054443
0.491699
0.266235
0.039307
0.443970
0.696411
1.113037
1.118408
1.546509
1.175781
1.815918
1.600952
1.058350
0.491699
0.266235
0.039185
0.445068
0.696045
1.132935
1.141479
1.558594
1.191528
1.827271
1.609497
1.060913
0.490845
0.266235
0.037842
0.446899
0.695435
1.083008
1.106323
1.551758
1.174316
1.835938
1.631714
1.049805
0.490845
0.266235
0.038330
0.447021
0.698608
1.101318
1.127686
1.561768
1.192017
1.847534
1.638062
1.052979
